4.590510633343974911e-01 8.884098835850257059e-01
8.111622550275554566e-01 5.848211658435518157e-01
-3.907036031689813393e-01 -9.205165367720317127e-01
3.394872961007869977e-02 -9.994235757464708936e-01
9.721786436891834970e-01 2.342406556400054296e-01
9.975939085216638524e-01 6.932815936161969284e-02
-9.438222768829053200e-01 -3.304534909175093627e-01
-9.979570476847388072e-01 6.388842599688865365e-02
7.286783003146175552e-01 -6.848561415732503654e-01
7.408324730235948952e-01 6.716898442836131133e-01
1.695695920100406262e-01 -9.855182156944377603e-01
4.062777242890412976e-01 9.137496433632780191e-01
-9.217406777546870433e-01 -3.878068114052797277e-01
6.145058176434777808e-01 7.889122892199873505e-01
-9.856713728594241886e-01 1.686770426745088369e-01
1.641509282952695048e-01 9.864352349443937795e-01
7.369214399809758120e-01 6.759783955840342751e-01
6.499741417113187314e-01 -7.599563244730809242e-01
4.436762557450716904e-01 -8.961871345249460274e-01
-1.066622521901975790e-01 9.942953102362067641e-01
8.585733079605615270e-01 5.126908179962450518e-01
8.035154885615785059e-01 -5.952838479596500587e-01
9.288711168779647531e-01 -3.704030888503526686e-01
9.957824709845599642e-01 9.174568371255457933e-02
7.489953367371633419e-01 6.625752678345180335e-01
1.490224818808155161e-01 -9.888338080254346352e-01
-7.291298239862995523e-01 -6.843754085103493923e-01
8.054817475576889763e-01 5.926205821192943590e-01
6.266120398788713741e-01 7.793313489645079528e-01
3.269312626440169511e-01 -9.450481202065791342e-01
-4.248010306905705691e-01 9.052867414936711654e-01
-9.435222898284614246e-01 -3.313090529956232988e-01
-5.023131194623680074e-01 8.646857984354692217e-01
-5.517960148765099770e-01 -8.339791112290537711e-01
-6.759675668288893657e-01 7.369313730568343157e-01
-8.400917366320985458e-02 -9.964649811912231758e-01
8.773371887661814972e-01 4.798744181636000472e-01
9.786273529002317284e-01 -2.056416887585910958e-01
-9.526894526443411282e-01 -3.039454010512835924e-01
9.012383911814725312e-02 9.959305666674792556e-01
-1.888258130702723525e-01 -9.820105968462614632e-01
-8.748319303148179849e-01 -4.844265617218459496e-01
-9.013032220531828065e-01 -4.331887601456794190e-01
8.067283423220197314e-01 5.909224836595458052e-01
9.033832450333730002e-02 -9.959111341509992998e-01
-2.161191371606740186e-01 9.763669999303160596e-01
8.990905565894540263e-01 4.377626880533170839e-01
5.692711116801200122e-01 8.221498655394163801e-01
-1.341158905906425780e-01 -9.909656542439191362e-01
6.121566512290453899e-01 -7.907365138628927870e-01
5.681679896970809329e-01 -8.229125928575754534e-01
-4.812832979884009155e-01 -8.765651071525766280e-01
9.973439215729198448e-01 -7.283613184093089277e-02
-5.264860472630424892e-01 8.501837695682842311e-01
9.508047194753759257e-01 3.097908736928054463e-01
8.724463973085401225e-01 4.887098155586288573e-01
9.541314085195149453e-01 -2.993881348292988243e-01
-3.965584784505231664e-01 -9.180094624615837695e-01
7.966961173067586000e-01 6.043800928789229143e-01
8.972365156079168402e-01 -4.415502633446891645e-01
-6.142495726959826818e-01 7.891118187195036437e-01
6.271251936353678946e-01 7.789184755208995448e-01
-6.085991433245809823e-01 7.934778401093418587e-01
-6.626739040390010604e-01 -7.489080697293284405e-01
8.611087851367953405e-01 -5.084207511109597455e-01
-7.977503476660654513e-01 -6.029878794790751728e-01
8.936571635608707709e-01 4.487503470932798777e-01
-4.001232740956939815e-01 9.164613278949320652e-01
-9.977280303649402882e-01 -6.737044919025465817e-02
6.856165849470006179e-01 7.279628413906937823e-01
4.204649608936770755e-01 9.073087769115201207e-01
-7.267863355161244265e-02 9.973554111875416739e-01
4.487368296963591963e-01 8.936639511998124563e-01
9.974397940354604586e-01 -7.151123879851495335e-02
-1.947501848182632556e-01 9.808528765891714185e-01
-9.455681796395452032e-01 3.254240581966194035e-01
9.968859679830973652e-01 -7.885662203266805004e-02
-7.455526303281534428e-01 6.664467536201010844e-01
-8.521600016189182503e-01 -5.232813121456233452e-01
9.530224614114057857e-01 3.028996336170539094e-01
-6.818060693769507630e-01 7.315329683348198442e-01
-3.474418910909015112e-01 -9.377015155768801957e-01
9.754214328706479753e-01 2.203475171100684749e-01
1.623081287629596081e-01 9.867401235064208187e-01
4.119773101118725522e-01 9.111941044327416250e-01
6.695304284056705635e-01 -7.427846292425006602e-01
7.138340585548227368e-01 -7.003148840679811471e-01
-1.961451258650051266e-01 -9.805748770998578001e-01
-2.785338064528845581e-01 -9.604264254292813607e-01
-1.832175655283720395e-01 9.830723898482027767e-01
-2.834716793836954962e-01 9.589806082436638235e-01
9.157465057169686951e-01 4.017565646845884797e-01
6.635102991440878784e-01 -7.481671490580985573e-01
-3.984531391146980961e-01 9.171886915622341485e-01
-3.452941368893391316e-01 9.384945173147504205e-01
-8.197363754829675164e-01 5.727410188820487580e-01
-6.589280490989309902e-01 7.522059731952922546e-01
-7.404121672750192396e-01 -6.721531243333686012e-01
9.268444921310914353e-01 3.754454519717335126e-01
-8.024682775026743542e-01 5.966947826166161262e-01
