-2.015172999999999826e-01 -6.833581999999999157e-01
3.745194700000000210e-01 -8.280821999999999905e-01
-1.618946800000000130e-01 -1.247106600000000176e+00
3.771095700000000328e-02 -4.730284200000000466e-02
-2.604790599999999845e-01 1.770204000000000111e+00
3.921733499999999761e-01 7.262509000000000325e-01
-5.955460000000000198e-01 -1.454800099999999929e+00
-1.212472899999999854e+00 -1.298845899999999887e+00
-6.240200000000000191e-01 -1.270222999999999880e+00
5.353096999999999994e-01 1.390765000000000029e+00
1.481451899999999933e+00 3.579630999999999563e+00
1.214182600000000001e+00 3.587062999999999668e+00
3.862336600000000342e+00 4.297273599999999583e+00
4.205326000000000342e+00 4.940952300000000186e+00
4.304150599999999827e+00 5.846348299999999831e+00
2.508139600000000247e+00 4.480414399999999908e+00
1.934799799999999959e+00 3.663016999999999967e+00
2.211606999999999879e+00 4.263404000000000416e+00
3.185185200000000272e+00 4.680412299999999526e+00
2.206560899999999936e+00 3.727181200000000416e+00
4.572373999999999938e+00 6.497517600000000115e+00
2.637779000000000096e+00 4.863109599999999588e+00
4.522714999999999819e+00 6.108867599999999953e+00
3.314895399999999714e+00 6.900100000000000122e+00
6.754939599999999267e+00 9.133338000000000179e+00
3.475777900000000198e+00 6.089272000000000240e+00
4.326520999999999617e+00 7.821588000000000207e+00
3.081881800000000116e+00 5.045526000000000622e+00
4.103769999999999918e+00 5.597294999999999909e+00
4.003417500000000295e+00 5.902063000000000059e+00
8.990919999999999135e+00 1.724381299999999939e+01
9.838419000000000025e+00 1.831769999999999854e+01
9.401110000000000966e+00 1.755859599999999787e+01
1.106635399999999869e+01 1.979411699999999996e+01
1.144786900000000074e+01 1.873400099999999924e+01
9.917441999999999425e+00 1.827949699999999922e+01
9.279882000000000630e+00 1.608650000000000091e+01
8.045210000000000861e+00 1.720236400000000287e+01
1.050278800000000068e+01 1.836040300000000158e+01
1.074818400000000018e+01 1.832158700000000096e+01
