-3.699845299999999781e-01 -1.666366800000000092e-01
2.338561120000000049e-01 -3.072158299999999675e-02
-2.457731149999999865e-01 -3.507380999999999954e-03
-1.886097600000000152e-02 5.367294799999999810e-02
2.643856260000000402e-01 -3.742287629999999643e-01
2.458475529999999964e-01 3.444247739999999891e-01
1.134490890000000030e-01 1.851914639999999723e-01
-3.309606350000000030e-01 -3.125982900000000009e-01
1.792035389999999950e-01 9.273930300000000904e-02
2.328358910000000170e-01 1.629412550000000071e-01
-5.098903139999999556e-01 8.195119900000000235e-02
-6.198171500000000389e-01 -3.333447629999999884e-01
-2.059396499999999880e-02 -5.403267769999999803e-01
1.334413750000000010e-01 -2.485378239999999905e-01
-5.738860299999999637e-02 -2.801941729999999908e-01
-5.009597120000000015e-01 -2.053994639999999761e-01
2.061254519999999868e-01 -1.664359809999999829e-01
4.273204920000000517e-01 1.756586869999999800e-01
2.767365620000000193e-01 -3.318546889999999805e-01
-9.729650900000000324e-02 1.256498199999999954e-01
-2.492942730000000107e-01 -2.487724169999999957e-01
-6.196229599999999310e-02 1.115134000000000047e-03
3.612590529999999966e-01 -5.425808100000000245e-01
-2.727236330000000208e-01 3.395568100000000145e-02
2.481623499999999899e-02 -3.914646410000000021e-01
-3.529098000000000044e-03 2.249635689999999744e-01
-5.087231299999999540e-02 1.101344610000000029e-01
8.612808900000000489e-02 5.127866679999999455e-01
-2.476702349999999886e-01 -3.162836720000000157e-01
1.500738759999999949e-01 -3.534985989999999689e-01
-1.150715219999999955e-01 2.000729600000000080e-02
2.633559530000000315e-01 1.079255340000000035e-01
2.276419600000000043e-02 -1.651059380000000076e-01
1.758031639999999840e-01 -8.836545099999999764e-02
-6.115203500000000458e-01 -9.568450600000000250e-02
-5.827170720000000026e-01 -4.091030899999999887e-02
1.477173699999999867e-01 -4.957729429999999660e-01
-2.980435899999999902e-02 3.446341589999999955e-01
-2.436755539999999887e-01 2.175616410000000278e-01
2.611910639999999728e-01 -4.496016500000000332e-02
-1.577262940000000169e-01 4.425100070000000385e-01
1.842406439999999812e-01 4.212727549999999987e-01
2.094964519999999997e-01 1.153137889999999999e-01
2.206187600000000110e-02 1.855317600000000108e-02
-9.975897599999999921e-02 2.617683239999999967e-01
1.505052419999999835e-01 5.175976400000000671e-02
-3.439331360000000282e-01 -6.065540200000000409e-02
8.059917400000000953e-02 8.412179800000001151e-02
2.199069210000000052e-01 -2.328358849999999924e-01
1.221443100000000129e-02 2.731045329999999827e-01
7.410348599999999619e-02 -2.251162800000000019e-01
2.148283189999999898e-01 -2.639948329999999843e-01
6.125838000000000116e-02 3.815968420000000472e-01
-4.210028149999999747e-01 2.640057089999999773e-01
2.894029850000000015e-01 1.279816689999999924e-01
-3.142500589999999705e-01 1.725407449999999954e-01
-2.162552899999999750e-02 1.536584780000000150e-01
-6.022678400000000543e-02 2.716208179999999861e-01
1.503887650000000076e-01 3.008859210000000006e-01
2.614478530000000078e-01 -2.374903929999999941e-01
-2.917098310000000305e-01 -3.175373000000000084e-02
5.500080899999999495e-01 -4.655348970000000031e-01
2.982212320000000028e-01 1.564190859999999850e-01
-1.542015650000000127e-01 3.480768000000000056e-02
1.132430000000000103e-01 -4.257255839999999902e-01
2.636210880000000034e-01 3.968063899999999672e-02
-2.005720910000000079e-01 -3.759500170000000252e-01
-2.511064869999999893e-01 -1.821385229999999966e-01
-2.950442870000000162e-01 3.517658229999999775e-01
3.028278099999999751e-01 2.474350100000000108e-02
-9.269479399999999703e-02 4.664237199999999861e-01
-9.360013899999999887e-02 -9.320784999999999487e-02
-3.064508519999999958e-01 1.086507569999999867e-01
2.074989619999999813e-01 -8.716412900000000685e-02
2.101800669999999982e-01 4.579394059999999933e-01
-4.491181989999999957e-01 2.671710959999999968e-01
-3.008987760000000344e-01 -1.556482419999999922e-01
1.607572519999999894e-01 -3.935029899999999831e-02
1.179636949999999934e-01 3.005933820000000201e-01
-2.062213460000000276e-01 2.448323530000000026e-01
4.385809299999999800e-01 1.331805849999999902e-01
