-2.281402329999999978e-01 9.664660900000000832e-02
6.996515200000000267e-02 3.170648200000000111e-02
-6.669505000000000051e-03 -2.130905339999999981e-01
4.197788289999999645e-01 -3.981150399999999756e-02
2.183980279999999941e-01 -3.652975310000000086e-01
2.039150889999999938e-01 -5.794613099999999795e-02
-1.773790729999999982e-01 1.915329550000000047e-01
-1.457074439999999915e-01 9.087710199999998739e-02
1.152552780000000027e-01 -6.491610600000000120e-02
2.631524189999999708e-01 2.593958530000000096e-01
1.432712549999999863e-01 -1.183024810000000010e-01
-4.359341770000000338e-01 -9.343972600000000073e-02
-9.728338100000000210e-02 1.757497539999999803e-01
-1.167912580000000089e-01 1.233774619999999933e-01
-1.643946639999999959e-01 -6.167000300000000101e-02
-1.973551999999999945e-02 8.214968799999999849e-02
-9.492298899999999928e-02 -3.020485600000000215e-02
6.073700779999999799e-01 -3.212829170000000012e-01
7.759884799999999805e-02 -3.098832039999999677e-01
5.059033799999999859e-02 3.445314439999999645e-01
6.558743499999999949e-02 1.209091909999999992e-01
1.019988459999999902e-01 2.269060360000000054e-01
-1.750280929999999957e-01 2.512665439999999806e-01
1.651207309999999928e-01 1.016685660000000019e-01
6.237700099999999442e-02 1.623211719999999858e-01
-1.890369539999999793e-01 1.503226980000000046e-01
1.833441589999999788e-01 -1.757451220000000036e-01
1.481691780000000125e-01 -1.074808500000000028e-01
-8.365706600000000215e-02 2.133177110000000209e-01
1.314547540000000070e-01 1.641253470000000048e-01
2.378423399999999785e-02 8.174948900000000851e-02
-1.653557899999999817e-02 -1.091737599999999947e-01
-1.233692349999999938e-01 -3.944554699999999747e-01
2.064502619999999955e-01 -3.993962090000000020e-01
-3.094623790000000096e-01 -4.694795339999999761e-01
1.689828419999999942e-01 1.658722000000000061e-03
-7.924691799999999953e-02 3.512038060000000073e-01
1.718335319999999833e-01 1.186909580000000131e-01
-8.147177099999999839e-02 -1.276106730000000078e-01
-5.300113000000000046e-02 3.211662789999999990e-01
-8.284495199999999948e-02 -1.848638060000000194e-01
-1.227106149999999951e-01 2.126774889999999973e-01
-3.223252000000000062e-02 -4.555985020000000163e-01
-1.978154550000000012e-01 -9.834789500000000462e-02
-3.035022360000000363e-01 2.845165020000000045e-01
-5.122908099999999576e-02 1.549691450000000026e-01
7.638058999999999994e-03 -1.920254670000000052e-01
3.974756999999999769e-03 -7.373783600000000105e-02
-2.796219010000000060e-01 -8.175738600000000134e-02
1.044182400000000059e-02 9.087066999999999020e-03
-1.258090629999999988e-01 -1.689326369999999966e-01
-2.392572219999999916e-01 -8.694741800000001242e-02
-1.617002760000000039e-01 -4.956317389999999601e-01
1.093701499999999993e-01 7.337732700000000607e-02
-3.409926279999999643e-01 7.849102299999999310e-02
-4.145659700000000475e-02 2.466143000000000085e-01
1.138126580000000110e-01 -2.880194999999999891e-03
-1.883990439999999877e-01 4.998190400000000061e-02
1.809927560000000046e-01 -1.119696849999999994e-01
-6.512978099999999770e-02 6.122670300000000038e-02
1.697198810000000169e-01 -1.851592730000000131e-01
5.197517999999999930e-03 1.622496169999999849e-01
9.545224500000000500e-02 -1.456018400000000101e-01
-2.084620699999999854e-02 -6.090457200000000404e-02
5.083312400000000036e-02 2.678579700000000355e-02
1.426228109999999882e-01 2.313795720000000056e-01
-2.312568389999999918e-01 2.854754210000000070e-01
2.004638060000000221e-01 -2.044644330000000010e-01
1.798441100000000223e-02 -2.463613899999999787e-02
-2.364263100000000076e-02 2.882209000000000160e-03
1.506495680000000115e-01 1.800294810000000190e-01
3.122322410000000215e-01 -1.717407970000000006e-01
2.758854360000000394e-01 -1.248914730000000028e-01
4.139637549999999888e-01 5.024122599999999300e-02
3.136028680000000346e-01 -3.123055819999999705e-01
-1.411345589999999928e-01 -1.050519290000000022e-01
-1.487509530000000191e-01 1.465055540000000101e-01
-5.738447170000000597e-01 -4.431407020000000530e-01
3.947326560000000151e-01 -9.411994499999999653e-02
-1.282809440000000079e-01 2.949197680000000266e-01
3.490221600000000257e-01 -4.214205650000000247e-01
2.075280000000000093e-03 1.086820380000000086e-01
2.503334899999999988e-02 -3.087290269999999892e-01
1.316886100000000115e-01 1.188672640000000003e-01
2.246671219999999969e-01 -2.005303149999999868e-01
-1.528484399999999882e-02 -3.997737800000000091e-02
-3.370923520000000395e-01 4.257245400000000263e-02
-1.792252260000000152e-01 -1.762893289999999946e-01
-2.033736239999999751e-01 3.581230220000000131e-01
-1.479037100000000007e-02 3.460105599999999809e-02
2.426619460000000172e-01 2.083596330000000163e-01
-2.043947380000000202e-01 1.773872519999999953e-01
2.379090439999999862e-01 -1.012042050000000054e-01
-1.991514589999999751e-01 -1.726843239999999724e-01
2.135171860000000255e-01 9.917648000000001129e-03
-2.328497800000000062e-01 2.213207869999999911e-01
-1.930919560000000090e-01 -2.935274780000000083e-01
6.447749900000000756e-02 2.701190290000000105e-01
-2.729748289999999744e-01 1.606213350000000040e-01
-1.314041589999999926e-01 8.830162099999999681e-02
3.146786779999999895e-01 -4.391869900000000548e-02
3.102436399999999872e-02 -1.117560140000000007e-01
-2.420998110000000259e-01 1.754636219999999858e-01
3.956909629999999511e-01 3.608402749999999881e-01
-5.788184900000000604e-02 -8.049157900000000754e-02
2.558433760000000112e-01 -1.398258280000000131e-01
-4.555837150000000002e-01 1.685948689999999806e-01
1.632574810000000098e-01 2.879853239999999870e-01
1.587330449999999893e-01 -1.403336990000000062e-01
4.361999599999999422e-02 1.694691380000000192e-01
