-1.486447609999999864e-01 3.096465230000000068e-01 0.000000000000000000e+00
-3.699845299999999781e-01 -1.666366800000000092e-01 1.000000000000000000e+00
2.338561120000000049e-01 -3.072158299999999675e-02 1.000000000000000000e+00
-2.281402329999999978e-01 9.664660900000000832e-02 0.000000000000000000e+00
-2.457731149999999865e-01 -3.507380999999999954e-03 1.000000000000000000e+00
-1.886097600000000152e-02 5.367294799999999810e-02 1.000000000000000000e+00
6.996515200000000267e-02 3.170648200000000111e-02 0.000000000000000000e+00
-6.669505000000000051e-03 -2.130905339999999981e-01 0.000000000000000000e+00
2.643856260000000402e-01 -3.742287629999999643e-01 1.000000000000000000e+00
4.197788289999999645e-01 -3.981150399999999756e-02 0.000000000000000000e+00
2.183980279999999941e-01 -3.652975310000000086e-01 0.000000000000000000e+00
2.458475529999999964e-01 3.444247739999999891e-01 1.000000000000000000e+00
1.134490890000000030e-01 1.851914639999999723e-01 1.000000000000000000e+00
2.039150889999999938e-01 -5.794613099999999795e-02 0.000000000000000000e+00
-3.309606350000000030e-01 -3.125982900000000009e-01 1.000000000000000000e+00
1.792035389999999950e-01 9.273930300000000904e-02 1.000000000000000000e+00
2.328358910000000170e-01 1.629412550000000071e-01 1.000000000000000000e+00
-1.773790729999999982e-01 1.915329550000000047e-01 0.000000000000000000e+00
-1.457074439999999915e-01 9.087710199999998739e-02 0.000000000000000000e+00
1.152552780000000027e-01 -6.491610600000000120e-02 0.000000000000000000e+00
2.631524189999999708e-01 2.593958530000000096e-01 0.000000000000000000e+00
-5.098903139999999556e-01 8.195119900000000235e-02 1.000000000000000000e+00
1.432712549999999863e-01 -1.183024810000000010e-01 0.000000000000000000e+00
-4.359341770000000338e-01 -9.343972600000000073e-02 0.000000000000000000e+00
-9.728338100000000210e-02 1.757497539999999803e-01 0.000000000000000000e+00
-1.167912580000000089e-01 1.233774619999999933e-01 0.000000000000000000e+00
-1.643946639999999959e-01 -6.167000300000000101e-02 0.000000000000000000e+00
-6.198171500000000389e-01 -3.333447629999999884e-01 1.000000000000000000e+00
-1.973551999999999945e-02 8.214968799999999849e-02 0.000000000000000000e+00
-2.059396499999999880e-02 -5.403267769999999803e-01 1.000000000000000000e+00
1.334413750000000010e-01 -2.485378239999999905e-01 1.000000000000000000e+00
-5.738860299999999637e-02 -2.801941729999999908e-01 1.000000000000000000e+00
-9.492298899999999928e-02 -3.020485600000000215e-02 0.000000000000000000e+00
6.073700779999999799e-01 -3.212829170000000012e-01 0.000000000000000000e+00
7.759884799999999805e-02 -3.098832039999999677e-01 0.000000000000000000e+00
-5.009597120000000015e-01 -2.053994639999999761e-01 1.000000000000000000e+00
2.061254519999999868e-01 -1.664359809999999829e-01 1.000000000000000000e+00
5.059033799999999859e-02 3.445314439999999645e-01 0.000000000000000000e+00
6.558743499999999949e-02 1.209091909999999992e-01 0.000000000000000000e+00
4.273204920000000517e-01 1.756586869999999800e-01 1.000000000000000000e+00
2.767365620000000193e-01 -3.318546889999999805e-01 1.000000000000000000e+00
1.019988459999999902e-01 2.269060360000000054e-01 0.000000000000000000e+00
-1.750280929999999957e-01 2.512665439999999806e-01 0.000000000000000000e+00
1.651207309999999928e-01 1.016685660000000019e-01 0.000000000000000000e+00
6.237700099999999442e-02 1.623211719999999858e-01 0.000000000000000000e+00
-1.890369539999999793e-01 1.503226980000000046e-01 0.000000000000000000e+00
1.833441589999999788e-01 -1.757451220000000036e-01 0.000000000000000000e+00
-9.729650900000000324e-02 1.256498199999999954e-01 1.000000000000000000e+00
-2.492942730000000107e-01 -2.487724169999999957e-01 1.000000000000000000e+00
-6.196229599999999310e-02 1.115134000000000047e-03 1.000000000000000000e+00
1.481691780000000125e-01 -1.074808500000000028e-01 0.000000000000000000e+00
-8.365706600000000215e-02 2.133177110000000209e-01 0.000000000000000000e+00
1.314547540000000070e-01 1.641253470000000048e-01 0.000000000000000000e+00
2.378423399999999785e-02 8.174948900000000851e-02 0.000000000000000000e+00
3.612590529999999966e-01 -5.425808100000000245e-01 1.000000000000000000e+00
-1.653557899999999817e-02 -1.091737599999999947e-01 0.000000000000000000e+00
-1.233692349999999938e-01 -3.944554699999999747e-01 0.000000000000000000e+00
2.064502619999999955e-01 -3.993962090000000020e-01 0.000000000000000000e+00
-3.094623790000000096e-01 -4.694795339999999761e-01 0.000000000000000000e+00
-2.727236330000000208e-01 3.395568100000000145e-02 1.000000000000000000e+00
2.481623499999999899e-02 -3.914646410000000021e-01 1.000000000000000000e+00
-3.529098000000000044e-03 2.249635689999999744e-01 1.000000000000000000e+00
-5.087231299999999540e-02 1.101344610000000029e-01 1.000000000000000000e+00
1.689828419999999942e-01 1.658722000000000061e-03 0.000000000000000000e+00
8.612808900000000489e-02 5.127866679999999455e-01 1.000000000000000000e+00
-2.476702349999999886e-01 -3.162836720000000157e-01 1.000000000000000000e+00
-7.924691799999999953e-02 3.512038060000000073e-01 0.000000000000000000e+00
1.718335319999999833e-01 1.186909580000000131e-01 0.000000000000000000e+00
1.500738759999999949e-01 -3.534985989999999689e-01 1.000000000000000000e+00
-1.150715219999999955e-01 2.000729600000000080e-02 1.000000000000000000e+00
2.633559530000000315e-01 1.079255340000000035e-01 1.000000000000000000e+00
2.276419600000000043e-02 -1.651059380000000076e-01 1.000000000000000000e+00
1.758031639999999840e-01 -8.836545099999999764e-02 1.000000000000000000e+00
-6.115203500000000458e-01 -9.568450600000000250e-02 1.000000000000000000e+00
-5.827170720000000026e-01 -4.091030899999999887e-02 1.000000000000000000e+00
-8.147177099999999839e-02 -1.276106730000000078e-01 0.000000000000000000e+00
-5.300113000000000046e-02 3.211662789999999990e-01 0.000000000000000000e+00
-8.284495199999999948e-02 -1.848638060000000194e-01 0.000000000000000000e+00
-1.227106149999999951e-01 2.126774889999999973e-01 0.000000000000000000e+00
-3.223252000000000062e-02 -4.555985020000000163e-01 0.000000000000000000e+00
-1.978154550000000012e-01 -9.834789500000000462e-02 0.000000000000000000e+00
1.477173699999999867e-01 -4.957729429999999660e-01 1.000000000000000000e+00
-3.035022360000000363e-01 2.845165020000000045e-01 0.000000000000000000e+00
-2.980435899999999902e-02 3.446341589999999955e-01 1.000000000000000000e+00
-5.122908099999999576e-02 1.549691450000000026e-01 0.000000000000000000e+00
7.638058999999999994e-03 -1.920254670000000052e-01 0.000000000000000000e+00
3.974756999999999769e-03 -7.373783600000000105e-02 0.000000000000000000e+00
-2.796219010000000060e-01 -8.175738600000000134e-02 0.000000000000000000e+00
-2.436755539999999887e-01 2.175616410000000278e-01 1.000000000000000000e+00
2.611910639999999728e-01 -4.496016500000000332e-02 1.000000000000000000e+00
1.044182400000000059e-02 9.087066999999999020e-03 0.000000000000000000e+00
-1.258090629999999988e-01 -1.689326369999999966e-01 0.000000000000000000e+00
-2.392572219999999916e-01 -8.694741800000001242e-02 0.000000000000000000e+00
-1.577262940000000169e-01 4.425100070000000385e-01 1.000000000000000000e+00
-1.617002760000000039e-01 -4.956317389999999601e-01 0.000000000000000000e+00
1.842406439999999812e-01 4.212727549999999987e-01 1.000000000000000000e+00
1.093701499999999993e-01 7.337732700000000607e-02 0.000000000000000000e+00
-3.409926279999999643e-01 7.849102299999999310e-02 0.000000000000000000e+00
-4.145659700000000475e-02 2.466143000000000085e-01 0.000000000000000000e+00
2.094964519999999997e-01 1.153137889999999999e-01 1.000000000000000000e+00
2.206187600000000110e-02 1.855317600000000108e-02 1.000000000000000000e+00
1.138126580000000110e-01 -2.880194999999999891e-03 0.000000000000000000e+00
-9.975897599999999921e-02 2.617683239999999967e-01 1.000000000000000000e+00
-1.883990439999999877e-01 4.998190400000000061e-02 0.000000000000000000e+00
1.809927560000000046e-01 -1.119696849999999994e-01 0.000000000000000000e+00
-6.512978099999999770e-02 6.122670300000000038e-02 0.000000000000000000e+00
1.697198810000000169e-01 -1.851592730000000131e-01 0.000000000000000000e+00
1.505052419999999835e-01 5.175976400000000671e-02 1.000000000000000000e+00
5.197517999999999930e-03 1.622496169999999849e-01 0.000000000000000000e+00
9.545224500000000500e-02 -1.456018400000000101e-01 0.000000000000000000e+00
-3.439331360000000282e-01 -6.065540200000000409e-02 1.000000000000000000e+00
8.059917400000000953e-02 8.412179800000001151e-02 1.000000000000000000e+00
-2.084620699999999854e-02 -6.090457200000000404e-02 0.000000000000000000e+00
2.199069210000000052e-01 -2.328358849999999924e-01 1.000000000000000000e+00
5.083312400000000036e-02 2.678579700000000355e-02 0.000000000000000000e+00
1.426228109999999882e-01 2.313795720000000056e-01 0.000000000000000000e+00
-2.312568389999999918e-01 2.854754210000000070e-01 0.000000000000000000e+00
2.004638060000000221e-01 -2.044644330000000010e-01 0.000000000000000000e+00
1.221443100000000129e-02 2.731045329999999827e-01 1.000000000000000000e+00
1.798441100000000223e-02 -2.463613899999999787e-02 0.000000000000000000e+00
-2.364263100000000076e-02 2.882209000000000160e-03 0.000000000000000000e+00
7.410348599999999619e-02 -2.251162800000000019e-01 1.000000000000000000e+00
2.148283189999999898e-01 -2.639948329999999843e-01 1.000000000000000000e+00
1.506495680000000115e-01 1.800294810000000190e-01 0.000000000000000000e+00
6.125838000000000116e-02 3.815968420000000472e-01 1.000000000000000000e+00
3.122322410000000215e-01 -1.717407970000000006e-01 0.000000000000000000e+00
2.758854360000000394e-01 -1.248914730000000028e-01 0.000000000000000000e+00
4.139637549999999888e-01 5.024122599999999300e-02 0.000000000000000000e+00
-4.210028149999999747e-01 2.640057089999999773e-01 1.000000000000000000e+00
3.136028680000000346e-01 -3.123055819999999705e-01 0.000000000000000000e+00
-1.411345589999999928e-01 -1.050519290000000022e-01 0.000000000000000000e+00
2.894029850000000015e-01 1.279816689999999924e-01 1.000000000000000000e+00
-3.142500589999999705e-01 1.725407449999999954e-01 1.000000000000000000e+00
-1.487509530000000191e-01 1.465055540000000101e-01 0.000000000000000000e+00
-2.162552899999999750e-02 1.536584780000000150e-01 1.000000000000000000e+00
-5.738447170000000597e-01 -4.431407020000000530e-01 0.000000000000000000e+00
3.947326560000000151e-01 -9.411994499999999653e-02 0.000000000000000000e+00
-6.022678400000000543e-02 2.716208179999999861e-01 1.000000000000000000e+00
1.503887650000000076e-01 3.008859210000000006e-01 1.000000000000000000e+00
-1.282809440000000079e-01 2.949197680000000266e-01 0.000000000000000000e+00
2.614478530000000078e-01 -2.374903929999999941e-01 1.000000000000000000e+00
3.490221600000000257e-01 -4.214205650000000247e-01 0.000000000000000000e+00
2.075280000000000093e-03 1.086820380000000086e-01 0.000000000000000000e+00
2.503334899999999988e-02 -3.087290269999999892e-01 0.000000000000000000e+00
1.316886100000000115e-01 1.188672640000000003e-01 0.000000000000000000e+00
-2.917098310000000305e-01 -3.175373000000000084e-02 1.000000000000000000e+00
2.246671219999999969e-01 -2.005303149999999868e-01 0.000000000000000000e+00
-1.528484399999999882e-02 -3.997737800000000091e-02 0.000000000000000000e+00
5.500080899999999495e-01 -4.655348970000000031e-01 1.000000000000000000e+00
2.982212320000000028e-01 1.564190859999999850e-01 1.000000000000000000e+00
-1.542015650000000127e-01 3.480768000000000056e-02 1.000000000000000000e+00
1.132430000000000103e-01 -4.257255839999999902e-01 1.000000000000000000e+00
-3.370923520000000395e-01 4.257245400000000263e-02 0.000000000000000000e+00
-1.792252260000000152e-01 -1.762893289999999946e-01 0.000000000000000000e+00
-2.033736239999999751e-01 3.581230220000000131e-01 0.000000000000000000e+00
2.026775939999999887e-01 5.109817500000000262e-02 -1.000000000000000000e+00
-1.479037100000000007e-02 3.460105599999999809e-02 0.000000000000000000e+00
2.426619460000000172e-01 2.083596330000000163e-01 0.000000000000000000e+00
-2.043947380000000202e-01 1.773872519999999953e-01 0.000000000000000000e+00
2.379090439999999862e-01 -1.012042050000000054e-01 0.000000000000000000e+00
2.636210880000000034e-01 3.968063899999999672e-02 1.000000000000000000e+00
-2.005720910000000079e-01 -3.759500170000000252e-01 1.000000000000000000e+00
-1.991514589999999751e-01 -1.726843239999999724e-01 0.000000000000000000e+00
2.135171860000000255e-01 9.917648000000001129e-03 0.000000000000000000e+00
-2.511064869999999893e-01 -1.821385229999999966e-01 1.000000000000000000e+00
-2.328497800000000062e-01 2.213207869999999911e-01 0.000000000000000000e+00
-1.930919560000000090e-01 -2.935274780000000083e-01 0.000000000000000000e+00
-2.950442870000000162e-01 3.517658229999999775e-01 1.000000000000000000e+00
3.028278099999999751e-01 2.474350100000000108e-02 1.000000000000000000e+00
-9.269479399999999703e-02 4.664237199999999861e-01 1.000000000000000000e+00
6.447749900000000756e-02 2.701190290000000105e-01 0.000000000000000000e+00
-9.360013899999999887e-02 -9.320784999999999487e-02 1.000000000000000000e+00
-3.064508519999999958e-01 1.086507569999999867e-01 1.000000000000000000e+00
2.074989619999999813e-01 -8.716412900000000685e-02 1.000000000000000000e+00
2.101800669999999982e-01 4.579394059999999933e-01 1.000000000000000000e+00
-2.729748289999999744e-01 1.606213350000000040e-01 0.000000000000000000e+00
-1.314041589999999926e-01 8.830162099999999681e-02 0.000000000000000000e+00
3.146786779999999895e-01 -4.391869900000000548e-02 0.000000000000000000e+00
3.102436399999999872e-02 -1.117560140000000007e-01 0.000000000000000000e+00
-2.420998110000000259e-01 1.754636219999999858e-01 0.000000000000000000e+00
3.956909629999999511e-01 3.608402749999999881e-01 0.000000000000000000e+00
-5.788184900000000604e-02 -8.049157900000000754e-02 0.000000000000000000e+00
2.558433760000000112e-01 -1.398258280000000131e-01 0.000000000000000000e+00
-4.555837150000000002e-01 1.685948689999999806e-01 0.000000000000000000e+00
-4.491181989999999957e-01 2.671710959999999968e-01 1.000000000000000000e+00
-3.008987760000000344e-01 -1.556482419999999922e-01 1.000000000000000000e+00
1.607572519999999894e-01 -3.935029899999999831e-02 1.000000000000000000e+00
1.179636949999999934e-01 3.005933820000000201e-01 1.000000000000000000e+00
1.632574810000000098e-01 2.879853239999999870e-01 0.000000000000000000e+00
1.587330449999999893e-01 -1.403336990000000062e-01 0.000000000000000000e+00
4.361999599999999422e-02 1.694691380000000192e-01 0.000000000000000000e+00
-2.062213460000000276e-01 2.448323530000000026e-01 1.000000000000000000e+00
4.385809299999999800e-01 1.331805849999999902e-01 1.000000000000000000e+00
