1.868673849742433779e-01 6.065134898025275056e-01
9.346261778975495371e-01 2.091028651304918107e-01
5.504959154753391593e-01 8.201872668217673468e-01
7.151292296752416178e-01 5.472622645199255453e-01
8.209873945571988241e-01 3.607709247715196188e-02
3.019855288885833211e-01 3.792424524978970091e-01
1.543321275851478047e-01 1.970210926362460091e-01
6.496381282114629396e-01 5.433842630911389637e-01
8.436362427165348121e-01 2.506205640012501012e-01
6.840031528131097494e-01 7.587795023434367181e-01
7.141126813673777107e-01 9.953137531967359841e-03
6.743919097870541002e-01 7.774650169310792780e-01
8.482022385264251785e-01 8.501809555733421675e-01
5.771396761940851272e-01 3.598643120583431276e-01
1.995679076500008753e-01 3.217073953197149283e-01
1.415148551441230973e-01 2.204649554497484232e-02
7.521639888995258483e-01 2.685428822751844136e-01
9.115404098595220050e-01 2.893345527971319386e-01
1.537882007180204624e-01 9.618873548937518780e-01
1.212036656777485399e-01 4.609469600608456785e-01
3.172194188728028053e-01 2.887250848538072123e-01
6.479685412788331877e-01 9.196477662373581108e-02
7.623349301146377099e-01 6.768830134251666575e-01
7.472758185671057873e-01 2.493501553938681781e-02
9.612436138409792274e-01 5.852045803822147896e-02
9.620516467289774720e-02 7.697344182044557614e-01
6.445920651234182674e-01 4.521902205228609528e-01
4.149637173175988458e-01 6.995118146134928772e-01
5.775361500479947452e-02 1.480152555608296172e-01
8.407546779991632580e-01 9.859025179294886865e-01
5.696931385982044738e-01 7.580608028805072562e-01
7.313742266472834652e-01 8.379076349742002883e-01
9.991040860044200222e-01 6.506146517118023276e-01
6.407142067959697984e-01 9.416618105027906305e-01
4.915405606266489702e-01 6.661575479535439825e-01
4.893332008199793304e-01 2.593487656414491527e-01
5.471260277951962570e-01 6.349810202219424715e-01
1.786955343331828594e-01 8.518187359456369512e-01
6.758315349601495825e-02 5.407508042019470995e-02
8.222256219577429581e-01 4.837063361860299837e-01
3.551311389850182465e-01 7.330390407216303972e-01
8.253077548337917069e-02 1.073185299494328060e-01
1.701521903431713056e-01 4.636512520115081415e-01
4.882846173089839814e-01 7.294538405598792741e-01
3.093775571073575925e-01 6.087758269005261180e-02
3.112803044403560371e-01 5.129508180588417954e-01
2.982729698452590839e-03 2.907463523030113794e-01
6.461152645944526762e-01 8.308983792028397097e-01
6.695023757722560198e-01 7.440428289381854077e-01
5.824835487137272061e-01 4.859301708680510146e-01
9.071777501360792639e-01 4.448607717805832529e-01
5.125275734094897340e-01 3.992813910682604384e-01
5.639826043522621069e-01 6.420333889824224594e-01
3.116311493969121660e-01 7.588092694548550510e-01
8.074416600977144531e-01 9.222539434258246738e-01
9.161646030006721508e-01 2.786853750573566879e-01
2.530892636028371223e-01 8.370069604478185266e-01
3.240176669420014033e-01 8.256790850959410122e-01
2.991930240448494871e-01 8.321064259288433185e-01
9.119848909930170500e-01 5.522703456364196350e-01
7.169819133750254814e-02 5.472920036053182669e-01
1.915400078570480558e-01 9.732459666584886149e-01
8.559358170029396362e-02 4.065066060759996436e-01
7.425877584773418194e-01 2.616577593967696069e-01
8.766787945513514480e-01 9.923886421747843967e-01
9.610233434662881491e-01 9.149573630259492107e-01
6.653269692285456172e-01 9.865606616308482124e-01
4.726153303609987866e-01 7.109120156803649948e-01
2.231015073289758233e-01 3.941734000904656421e-01
8.642062565487182990e-01 9.324665782699708139e-01
6.170028189777169159e-01 4.479057737680852691e-01
8.986933483369982101e-01 4.764802295709722468e-01
7.123090793041539914e-01 9.572006524776317526e-01
3.236370125190281000e-01 9.481321227906367444e-01
6.838448825523721908e-01 5.549079234571692165e-01
4.112126108718784367e-01 7.406226410769385371e-01
5.004613289459590719e-01 6.703858374311304491e-01
3.910281709525276206e-02 3.971064061803513123e-01
4.130002245944291994e-01 5.794443637772442868e-01
2.870399498903281055e-01 6.929062254101520102e-01
4.283369865091967155e-01 7.815209912839804485e-01
2.125434239726174956e-01 1.027132416210629895e-02
7.517904609620644774e-01 4.672439887593258234e-01
7.716167026437761312e-01 9.506724997185356241e-02
7.420556764622584511e-01 8.533422797622830513e-01
3.990951932196640239e-02 4.969652083851335833e-01
7.665352649357846104e-01 2.324625624133601631e-01
7.526985913453932975e-01 5.244389074882623847e-01
2.654311119139262098e-01 1.034881988073123038e-01
4.010654744454050791e-01 2.624218705829054477e-01
6.525629108486410423e-01 2.615526010354148889e-01
7.950772674610490087e-01 8.274396829565096034e-01
6.048550897775138990e-01 1.591827289158388448e-01
8.314856560273556907e-01 8.587282492501036035e-01
9.664083679414210426e-01 5.672682085617312131e-01
8.945716529131185757e-01 4.736025151092762009e-01
6.357722837907268110e-01 6.351465874472292938e-01
3.603365125639627076e-01 7.422503381254057508e-01
4.315676718682173174e-01 4.059458925515013750e-02
2.722485999297761250e-01 7.502550325847601176e-01
